a=1.0e+308
b=1.1e+308
c=-1.001e+308

soma1 = a+(b+c)
soma2 = (a+b)+c

